70023 3 Abdulrahman Almkhlafi 
ELT101 3 100 85 75
CMPE101 4 75 65 80 
PHYS101 4 50  60  25
89612 2 ALI YAZICI
MATH151 4 45 35 65
ELT101 3 90 100 90
45231 5 ABDULLAH SAADET
COMP106 4 89 34 75
HIST100 3 90 75 100
MATH151 4 75 85 95
COMP215 4 77 44 95
CHEM103 3 55 77 45
37459 4 SEVGI TUNC
COMP106 4 56 78 85
MATH151 4 98 45 77
ELT101 3 88 77 75
PHYS101 4 68 89 56
12359 3 MUHAMMED SALMAN
HIST100 3 93 78 100
MATH151 4 85 85 65
COMP215 4 87 74 95
75232 5 GULGUN MARLET
COMP106 4 75 54 75
HIST100 3 70 55 90
MATH151 4 55 35 95
COMP215 4 71 64 75
CHEM103 3 56 72 45
39617 3  HALIL  YAZGAN
MATH151 4 75 65 65
ELT101  3 90  80  88
CHEM103 3 55 77 45